OBSERVATIONS
[[3.0,7.0],[0.5,1.0],[0.8,0.5],[1.0,8.0],[0.9,1.2],[6.0,4.0],[7.0,5.5],[4.0,9.0],[9.0,4.0]]

CS
[[3.0,7.0],[0.5,1.0],[0.8,0.5]]

PARTITION_N(OBSERVATIONS, CS, PN)
[
	[[3.0, 7.0], [3.0, 7.0]],
	[[0.5, 1.0], [0.5, 1.0]],
	[[0.8, 0.5], [0.8, 0.5]],
	[[3.0, 7.0], [1.0, 8.0]],
	[[0.5, 1.0], [0.9, 1.2]],
	[[3.0, 7.0], [6.0, 4.0]],
	[[3.0, 7.0], [7.0, 5.5]],
	[[3.0, 7.0], [4.0, 9.0]],
	[[3.0, 7.0], [9.0, 4.0]]
]

SORT(PN, SPN)
[
	[[0.5, 1.0], [0.5, 1.0]],
	[[0.5, 1.0], [0.9, 1.2]],
	[[0.8, 0.5], [0.8, 0.5]],
	[[3.0, 7.0], [1.0, 8.0]],
	[[3.0, 7.0], [3.0, 7.0]],
	[[3.0, 7.0], [4.0, 9.0]],
	[[3.0, 7.0], [6.0, 4.0]],
	[[3.0, 7.0], [7.0, 5.5]],
	[[3.0, 7.0], [9.0, 4.0]]
]

PARTITION_R(SPN, [], [], CLUSTERS)
[
	[[0.9, 1.2], [0.5, 1.0]],
	[[0.8, 0.5]],
	[[9.0, 4.0], [7.0, 5.5], [6.0, 4.0], [4.0, 9.0], [3.0, 7.0], [1.0, 8.0]]
]
